1 2 2 2 100 0
2 31 2.6 3 130 0
32 22 4 4 150 0
31 33 1.8 2 90 0
34 5 2.5 2.7 70 0
5 12 2 2 60 0
12 11 1.2 1.5 40 0
11 38 1.4 1 40 0
38 10 3 3 100 0
10 37 2.9 2.6 90 0
37 9 2.8 2.5 70 0
9 7 2.5 2.3 70 0
7 8 1.6 1.5 50 0
8 46 1.5 1.3 40 0
7 6 2.2 2 50 0
6 34 2.3 2.2 60 0
35 13 4 1.7 210 0
13 14 4.2 2 220 0
14 39 3.6 1.5 200 0
39 40 3.3 1 200 0
33 3 3.2 3.2 150 0
3 36 3.5 3.3 160 0
36 44 3 2.8 120 0
44 49 1.7 2 100 0
49 4 1.3 1 60 0
15 16 3 2.6 120 0
16 41 2 2 90 0
41 42 1.4 1 80 0
42 17 2 1.6 100 0
17 45 2.6 3 150 0
43 18 3 2.6 120 0
18 19 3.4 3 130 0
19 20 3.5 4 150 0
20 51 3 3 120 0
22 23 3.7 4 140 0
23 47 2 2 100 0
47 24 3 2.5 120 0
24 25 2.9 2.5 120 0
25 26 4.2 4 160 0
27 48 2.3 2 150 0
48 28 3.7 2.9 220 0
28 50 3.8 2.7 210 0
50 52 2 2 160 0
52 29 1.9 2 130 0
29 30 3 3 190 0
31 32 0 5 0 1
33 34 0 5 0 1
33 35 0 5 0 1
34 35 0 5 0 1
36 37 0 5 0 1
38 39 0 5 0 1
40 41 0 5 0 1
42 43 0 5 0 1
44 45 0 5 0 1
46 47 0 5 0 1
46 48 0 5 0 1
47 48 0 5 0 1
49 50 0 5 0 1
51 52 0 5 0 1
51 21 3 3 120 0